!
!  specorder:   B  N
!
  1.05000000000000E+000
  1.65402934800000E+001  0.00000000000000E+000  0.00000000000000E+000
  0.00000000000000E+000  8.10798700000000E+000  0.00000000000000E+000
  0.00000000000000E+000  0.00000000000000E+000  3.62600200000000E+000
  0.00000000000000E+000  0.00000000000000E+000  0.00000000000000E+000
  0.00000000000000E+000  0.00000000000000E+000  0.00000000000000E+000
  0.00000000000000E+000  0.00000000000000E+000  0.00000000000000E+000
        80
  1.10000000000001E+000  5.00000000000000E-001  9.96475922802375E-001  9.37060313302100E-003  0.00000000000000E+000  0.00000000000000E+000  0.00000000000000E+000
  1.10000000000002E+000  8.94673585800504E-001  4.01493084805487E-001  9.87771257767193E-001  0.00000000000000E+000  0.00000000000000E+000  0.00000000000000E+000
  1.10000000000003E+000  1.05326414199496E-001  4.01493084805487E-001  9.87771257767193E-001  0.00000000000000E+000  0.00000000000000E+000  0.00000000000000E+000
  1.10000000000004E+000  8.47243911012733E-001  5.99687121608085E-001  4.97652240294492E-001  0.00000000000000E+000  0.00000000000000E+000  0.00000000000000E+000
  1.10000000000005E+000  1.52756088987267E-001  5.99687121608085E-001  4.97652240294492E-001  0.00000000000000E+000  0.00000000000000E+000  0.00000000000000E+000
  1.10000000000006E+000  6.05326399199491E-001  9.85069151945130E-002  4.87771257767193E-001  0.00000000000000E+000  0.00000000000000E+000  0.00000000000000E+000
  1.10000000000007E+000  3.94673600800509E-001  9.85069151945130E-002  4.87771257767193E-001  0.00000000000000E+000  0.00000000000000E+000  0.00000000000000E+000
  1.10000000000008E+000  4.99999970000000E-008  5.03524017197627E-001  5.09370603133021E-001  0.00000000000000E+000  0.00000000000000E+000  0.00000000000000E+000
  1.10000000000009E+000  5.59820707170964E-001  2.99448647756115E-001  2.01454723453800E-003  0.00000000000000E+000  0.00000000000000E+000  0.00000000000000E+000
  1.10000000000010E+000  4.40179292829036E-001  2.99448647756115E-001  2.01454723453800E-003  0.00000000000000E+000  0.00000000000000E+000  0.00000000000000E+000
  1.10000000000011E+000  9.40179187829038E-001  7.00551252243883E-001  2.01454723453800E-003  0.00000000000000E+000  0.00000000000000E+000  0.00000000000000E+000
  1.10000000000012E+000  5.98208121709620E-002  7.00551252243883E-001  2.01454723453800E-003  0.00000000000000E+000  0.00000000000000E+000  0.00000000000000E+000
  1.10000000000013E+000  4.99999970000000E-008  3.52407719762500E-003  9.37060313302100E-003  0.00000000000000E+000  0.00000000000000E+000  0.00000000000000E+000
  1.10000000000014E+000  7.97986140069760E-001  7.99537070014864E-001  9.95777192795167E-001  0.00000000000000E+000  0.00000000000000E+000  0.00000000000000E+000
  1.10000000000015E+000  2.02013859930240E-001  7.99537070014864E-001  9.95777192795167E-001  0.00000000000000E+000  0.00000000000000E+000  0.00000000000000E+000
  1.10000000000016E+000  9.40179287829039E-001  2.00551322243882E-001  5.02014547234538E-001  0.00000000000000E+000  0.00000000000000E+000  0.00000000000000E+000
  1.10000000000017E+000  5.98207121709610E-002  2.00551322243882E-001  5.02014547234538E-001  0.00000000000000E+000  0.00000000000000E+000  0.00000000000000E+000
  1.10000000000018E+000  5.00000000000000E-001  4.96475922802375E-001  5.09370603133021E-001  0.00000000000000E+000  0.00000000000000E+000  0.00000000000000E+000
  1.10000000000019E+000  8.94673535800507E-001  9.01493134805484E-001  4.87771257767193E-001  0.00000000000000E+000  0.00000000000000E+000  0.00000000000000E+000
  1.10000000000020E+000  1.05326464199493E-001  9.01493134805484E-001  4.87771257767193E-001  0.00000000000000E+000  0.00000000000000E+000  0.00000000000000E+000
  1.10000000000021E+000  7.02013784930237E-001  2.00462849985136E-001  9.95777192795167E-001  0.00000000000000E+000  0.00000000000000E+000  0.00000000000000E+000
  1.10000000000022E+000  2.97986215069763E-001  2.00462849985136E-001  9.95777192795167E-001  0.00000000000000E+000  0.00000000000000E+000  0.00000000000000E+000
  1.10000000000023E+000  6.52756088987267E-001  4.00312788391915E-001  4.97652240294492E-001  0.00000000000000E+000  0.00000000000000E+000  0.00000000000000E+000
  1.10000000000024E+000  3.47243911012733E-001  4.00312788391915E-001  4.97652240294492E-001  0.00000000000000E+000  0.00000000000000E+000  0.00000000000000E+000
  1.10000000000025E+000  7.97986140069760E-001  2.99537120014861E-001  4.95777192795167E-001  0.00000000000000E+000  0.00000000000000E+000  0.00000000000000E+000
  1.10000000000026E+000  2.02013859930240E-001  2.99537120014861E-001  4.95777192795167E-001  0.00000000000000E+000  0.00000000000000E+000  0.00000000000000E+000
  1.10000000000027E+000  7.49999940000002E-001  4.99999940000002E-001  9.97741251041440E-001  0.00000000000000E+000  0.00000000000000E+000  0.00000000000000E+000
  1.10000000000028E+000  2.50000059999998E-001  4.99999940000002E-001  9.97741251041440E-001  0.00000000000000E+000  0.00000000000000E+000  0.00000000000000E+000
  1.10000000000029E+000  6.05326399199491E-001  5.98506825194512E-001  9.87771257767193E-001  0.00000000000000E+000  0.00000000000000E+000  0.00000000000000E+000
  1.10000000000030E+000  3.94673600800509E-001  5.98506825194512E-001  9.87771257767193E-001  0.00000000000000E+000  0.00000000000000E+000  0.00000000000000E+000
  1.10000000000031E+000  7.50000000000000E-001  0.00000000000000E+000  4.97741251041440E-001  0.00000000000000E+000  0.00000000000000E+000  0.00000000000000E+000
  1.10000000000032E+000  2.50000000000000E-001  0.00000000000000E+000  4.97741251041440E-001  0.00000000000000E+000  0.00000000000000E+000  0.00000000000000E+000
  1.10000000000033E+000  5.59820737170966E-001  7.99448547756121E-001  5.02014547234538E-001  0.00000000000000E+000  0.00000000000000E+000  0.00000000000000E+000
  1.10000000000034E+000  4.40179262829034E-001  7.99448547756121E-001  5.02014547234538E-001  0.00000000000000E+000  0.00000000000000E+000  0.00000000000000E+000
  1.10000000000035E+000  7.02013784930237E-001  7.00462879985139E-001  4.95777192795167E-001  0.00000000000000E+000  0.00000000000000E+000  0.00000000000000E+000
  1.10000000000036E+000  2.97986215069763E-001  7.00462879985139E-001  4.95777192795167E-001  0.00000000000000E+000  0.00000000000000E+000  0.00000000000000E+000
  1.10000000000037E+000  8.47243911012733E-001  9.96870916080890E-002  9.97652240294492E-001  0.00000000000000E+000  0.00000000000000E+000  0.00000000000000E+000
  1.10000000000038E+000  1.52756088987267E-001  9.96870916080890E-002  9.97652240294492E-001  0.00000000000000E+000  0.00000000000000E+000  0.00000000000000E+000
  1.10000000000039E+000  6.52756088987267E-001  9.00312738391911E-001  9.97652240294492E-001  0.00000000000000E+000  0.00000000000000E+000  0.00000000000000E+000
  1.10000000000040E+000  3.47243911012733E-001  9.00312738391911E-001  9.97652240294492E-001  0.00000000000000E+000  0.00000000000000E+000  0.00000000000000E+000
  2.10000000000041E+000  5.43638166093096E-001  1.45320053082408E-001  7.68444441625896E-001  0.00000000000000E+000  0.00000000000000E+000  0.00000000000000E+000
  2.10000000000042E+000  4.56361833906904E-001  1.45320053082408E-001  7.68444441625896E-001  0.00000000000000E+000  0.00000000000000E+000  0.00000000000000E+000
  2.10000000000043E+000  9.21747281280638E-001  5.53488615622101E-001  7.49842331084587E-001  0.00000000000000E+000  0.00000000000000E+000  0.00000000000000E+000
  2.10000000000044E+000  7.82527187193620E-002  5.53488615622101E-001  7.49842331084587E-001  0.00000000000000E+000  0.00000000000000E+000  0.00000000000000E+000
  2.10000000000045E+000  8.69899208598383E-001  7.48554957878518E-001  2.51193262480392E-001  0.00000000000000E+000  0.00000000000000E+000  0.00000000000000E+000
  2.10000000000046E+000  1.30100791401617E-001  7.48554957878518E-001  2.51193262480392E-001  0.00000000000000E+000  0.00000000000000E+000  0.00000000000000E+000
  2.10000000000047E+000  6.30100741401620E-001  2.51444942121481E-001  2.51193262480392E-001  0.00000000000000E+000  0.00000000000000E+000  0.00000000000000E+000
  2.10000000000048E+000  3.69899258598380E-001  2.51444942121481E-001  2.51193262480392E-001  0.00000000000000E+000  0.00000000000000E+000  0.00000000000000E+000
  2.10000000000049E+000  5.78252593719363E-001  4.46511334377902E-001  7.49842331084587E-001  0.00000000000000E+000  0.00000000000000E+000  0.00000000000000E+000
  2.10000000000050E+000  4.21747406280637E-001  4.46511334377902E-001  7.49842331084587E-001  0.00000000000000E+000  0.00000000000000E+000  0.00000000000000E+000
  2.10000000000051E+000  9.56361847406903E-001  8.54679796917594E-001  7.68444441625896E-001  0.00000000000000E+000  0.00000000000000E+000  0.00000000000000E+000
  2.10000000000052E+000  4.36381525930970E-002  8.54679796917594E-001  7.68444441625896E-001  0.00000000000000E+000  0.00000000000000E+000  0.00000000000000E+000
  2.10000000000053E+000  8.22378549506539E-001  9.50249342676301E-001  7.46166292829436E-001  0.00000000000000E+000  0.00000000000000E+000  0.00000000000000E+000
  2.10000000000054E+000  1.77621450493462E-001  9.50249342676301E-001  7.46166292829436E-001  0.00000000000000E+000  0.00000000000000E+000  0.00000000000000E+000
  2.10000000000055E+000  9.56361782406901E-001  3.54679826917597E-001  2.68444441625895E-001  0.00000000000000E+000  0.00000000000000E+000  0.00000000000000E+000
  2.10000000000056E+000  4.36382175930990E-002  3.54679826917597E-001  2.68444441625895E-001  0.00000000000000E+000  0.00000000000000E+000  0.00000000000000E+000
  2.10000000000057E+000  5.43638166093096E-001  6.45320103082405E-001  2.68444441625895E-001  0.00000000000000E+000  0.00000000000000E+000  0.00000000000000E+000
  2.10000000000058E+000  4.56361833906904E-001  6.45320103082405E-001  2.68444441625895E-001  0.00000000000000E+000  0.00000000000000E+000  0.00000000000000E+000
  2.10000000000059E+000  6.77621415493462E-001  4.97505543237010E-002  7.46166292829436E-001  0.00000000000000E+000  0.00000000000000E+000  0.00000000000000E+000
  2.10000000000060E+000  3.22378584506538E-001  4.97505543237010E-002  7.46166292829436E-001  0.00000000000000E+000  0.00000000000000E+000  0.00000000000000E+000
  2.10000000000061E+000  7.25635559647472E-001  3.50607532692152E-001  7.47582506801074E-001  0.00000000000000E+000  0.00000000000000E+000  0.00000000000000E+000
  2.10000000000062E+000  2.74364440352528E-001  3.50607532692152E-001  7.47582506801074E-001  0.00000000000000E+000  0.00000000000000E+000  0.00000000000000E+000
  2.10000000000063E+000  6.77621415493462E-001  5.49750427323701E-001  2.46166292829436E-001  0.00000000000000E+000  0.00000000000000E+000  0.00000000000000E+000
  2.10000000000064E+000  3.22378584506538E-001  5.49750427323701E-001  2.46166292829436E-001  0.00000000000000E+000  0.00000000000000E+000  0.00000000000000E+000
  2.10000000000065E+000  8.22378549506539E-001  4.50249472676305E-001  2.46166292829436E-001  0.00000000000000E+000  0.00000000000000E+000  0.00000000000000E+000
  2.10000000000066E+000  1.77621450493462E-001  4.50249472676305E-001  2.46166292829436E-001  0.00000000000000E+000  0.00000000000000E+000  0.00000000000000E+000
  2.10000000000067E+000  7.74364440352528E-001  6.49392397307849E-001  7.47582506801074E-001  0.00000000000000E+000  0.00000000000000E+000  0.00000000000000E+000
  2.10000000000068E+000  2.25635559647472E-001  6.49392397307849E-001  7.47582506801074E-001  0.00000000000000E+000  0.00000000000000E+000  0.00000000000000E+000
  2.10000000000069E+000  6.30100741401620E-001  7.51444842121479E-001  7.51193262480392E-001  0.00000000000000E+000  0.00000000000000E+000  0.00000000000000E+000
  2.10000000000070E+000  3.69899258598380E-001  7.51444842121479E-001  7.51193262480392E-001  0.00000000000000E+000  0.00000000000000E+000  0.00000000000000E+000
  2.10000000000071E+000  7.74364390352531E-001  1.49392347307852E-001  2.47582506801073E-001  0.00000000000000E+000  0.00000000000000E+000  0.00000000000000E+000
  2.10000000000072E+000  2.25635609647469E-001  1.49392347307852E-001  2.47582506801073E-001  0.00000000000000E+000  0.00000000000000E+000  0.00000000000000E+000
  2.10000000000073E+000  5.78252593719363E-001  9.46511334377902E-001  2.49842331084587E-001  0.00000000000000E+000  0.00000000000000E+000  0.00000000000000E+000
  2.10000000000074E+000  4.21747406280637E-001  9.46511334377902E-001  2.49842331084587E-001  0.00000000000000E+000  0.00000000000000E+000  0.00000000000000E+000
  2.10000000000075E+000  9.21747331280635E-001  5.34886926221030E-002  2.49842331084587E-001  0.00000000000000E+000  0.00000000000000E+000  0.00000000000000E+000
  2.10000000000076E+000  7.82526687193650E-002  5.34886926221030E-002  2.49842331084587E-001  0.00000000000000E+000  0.00000000000000E+000  0.00000000000000E+000
  2.10000000000077E+000  7.25635559647472E-001  8.50607502692149E-001  2.47582506801073E-001  0.00000000000000E+000  0.00000000000000E+000  0.00000000000000E+000
  2.10000000000078E+000  2.74364440352528E-001  8.50607502692149E-001  2.47582506801073E-001  0.00000000000000E+000  0.00000000000000E+000  0.00000000000000E+000
  2.10000000000079E+000  8.69899258598380E-001  2.48555057878519E-001  7.51193262480392E-001  0.00000000000000E+000  0.00000000000000E+000  0.00000000000000E+000
  2.10000000000080E+000  1.30100741401620E-001  2.48555057878519E-001  7.51193262480392E-001  0.00000000000000E+000  0.00000000000000E+000  0.00000000000000E+000
