!
!  specorder:  B   N  
!
     1.050000000
  15.243015560000000   0.000000000000000   0.000000000000000
   0.000000000000000   7.945827260000000   0.000000000000000
   0.000000000000000   0.000000000000000   3.626002000000000
   0.000000000000000   0.000000000000000   0.000000000000000
   0.000000000000000   0.000000000000000   0.000000000000000
   0.000000000000000   0.000000000000000   0.000000000000000
         68
   1.10000000000001e+00    0.513855042357555   0.986383642936225   0.105951301242541    0.0000    0.0000    0.0000
   1.10000000000002e+00    0.931570118394120   0.373613119597493   0.797483208424161    0.0000    0.0000    0.0000
   1.10000000000003e+00    0.088581519166283   0.396142498799762   0.994816647247966    0.0000    0.0000    0.0000
   1.10000000000004e+00    0.864640949232800   0.589448027188929   0.346608429963759    0.0000    0.0000    0.0000
   1.10000000000005e+00    0.152515133188786   0.598813411027223   0.545454411821858    0.0000    0.0000    0.0000
   1.10000000000006e+00    0.564195745222861   0.148919867435801   0.558717783898338    0.0000    0.0000    0.0000
   1.10000000000007e+00    0.411487661706524   0.081751586512055   0.578563295444553    0.0000    0.0000    0.0000
   1.10000000000008e+00    0.470459585543040   0.281938367905965   0.081280443451909    0.0000    0.0000    0.0000
   1.10000000000009e+00    0.999782855073100   0.649023333394034   0.684182186152441    0.0000    0.0000    0.0000
   1.10000000000010e+00    0.804303930813880   0.805178558827627   0.894236812543156    0.0000    0.0000    0.0000
   1.10000000000011e+00    0.204148683706506   0.791224453890997   0.040978243407636    0.0000    0.0000    0.0000
   1.10000000000012e+00    0.999782955073101   0.149023403394032   0.184182186152441    0.0000    0.0000    0.0000
   1.10000000000013e+00    0.513855042357555   0.486383642936225   0.605951301242541    0.0000    0.0000    0.0000
   1.10000000000014e+00    0.931570068394123   0.873613169597490   0.297483208424161    0.0000    0.0000    0.0000
   1.10000000000015e+00    0.088581569166280   0.896142548799759   0.494816647247966    0.0000    0.0000    0.0000
   1.10000000000016e+00    0.691547221722999   0.223405831034483   0.942033324382045    0.0000    0.0000    0.0000
   1.10000000000017e+00    0.310426387558429   0.186832850504757   0.062406990852203    0.0000    0.0000    0.0000
   1.10000000000018e+00    0.625089766848646   0.438549314828350   0.493109210181771    0.0000    0.0000    0.0000
   1.10000000000019e+00    0.361649391225505   0.383663694103582   0.569492804195775    0.0000    0.0000    0.0000
   1.10000000000020e+00    0.804303930813880   0.305178608827624   0.394236812543156    0.0000    0.0000    0.0000
   1.10000000000021e+00    0.204148683706506   0.291224503890994   0.540978243407636    0.0000    0.0000    0.0000
   1.10000000000022e+00    0.731437696957940   0.523199538132687   0.967918448416818    0.0000    0.0000    0.0000
   1.10000000000023e+00    0.254663699917231   0.487962497138334   0.057214531523158    0.0000    0.0000    0.0000
   1.10000000000024e+00    0.564195745222861   0.648919777435800   0.058717783898338    0.0000    0.0000    0.0000
   1.10000000000025e+00    0.411487661706524   0.581751496512055   0.078563295444553    0.0000    0.0000    0.0000
   1.10000000000026e+00    0.731437756957938   0.023199598132685   0.467918448416818    0.0000    0.0000    0.0000
   1.10000000000027e+00    0.254663639917233   0.987962557138331   0.557214531523158    0.0000    0.0000    0.0000
   1.10000000000028e+00    0.470459555543037   0.781938267905971   0.581280443451909    0.0000    0.0000    0.0000
   1.10000000000029e+00    0.691547221722999   0.723405861034486   0.442033324382045    0.0000    0.0000    0.0000
   1.10000000000030e+00    0.310426387558429   0.686832880504760   0.562406990852203    0.0000    0.0000    0.0000
   1.10000000000031e+00    0.864640949232800   0.089447997188934   0.846608429963759    0.0000    0.0000    0.0000
   1.10000000000032e+00    0.152515133188786   0.098813381027227   0.045454411821858    0.0000    0.0000    0.0000
   1.10000000000033e+00    0.625089766848646   0.938549264828346   0.993109210181771    0.0000    0.0000    0.0000
   1.10000000000034e+00    0.361649391225505   0.883663644103578   0.069492804195775    0.0000    0.0000    0.0000
   2.10000000000035e+00    0.489884391085866   0.124362330524427   0.830537296248210    0.0000    0.0000    0.0000
   2.10000000000036e+00    0.929065469654986   0.538236125655438   0.619794674434310    0.0000    0.0000    0.0000
   2.10000000000037e+00    0.079377665810426   0.565223492971420   0.807323021632591    0.0000    0.0000    0.0000
   2.10000000000038e+00    0.867881753967168   0.753986898826803   0.173345417500478    0.0000    0.0000    0.0000
   2.10000000000039e+00    0.134808932806337   0.748208426538781   0.301926735403370    0.0000    0.0000    0.0000
   2.10000000000040e+00    0.552232220637904   0.319580214595675   0.366928950506285    0.0000    0.0000    0.0000
   2.10000000000041e+00    0.390144296073487   0.233610930309077   0.323058068621982    0.0000    0.0000    0.0000
   2.10000000000042e+00    0.439658209337495   0.430433971600778   0.837998950136189    0.0000    0.0000    0.0000
   2.10000000000043e+00    0.999133200443460   0.820915793556523   0.560344292978101    0.0000    0.0000    0.0000
   2.10000000000044e+00    0.804950100957718   0.966877385598039   0.713565042124223    0.0000    0.0000    0.0000
   2.10000000000045e+00    0.174499584702033   0.940616318144677   0.798803768666879    0.0000    0.0000    0.0000
   2.10000000000046e+00    0.999133135443458   0.320915823556525   0.060344292978101    0.0000    0.0000    0.0000
   2.10000000000047e+00    0.489884391085866   0.624362380524424   0.330537296248210    0.0000    0.0000    0.0000
   2.10000000000048e+00    0.646178687046785   0.087129082646996   0.749981630583299    0.0000    0.0000    0.0000
   2.10000000000049e+00    0.334154230966817   0.034240126754497   0.818500700051942    0.0000    0.0000    0.0000
   2.10000000000050e+00    0.687960922357426   0.383690893748046   0.768061217889006    0.0000    0.0000    0.0000
   2.10000000000051e+00    0.284174799720390   0.337775943145395   0.811239236399267    0.0000    0.0000    0.0000
   2.10000000000052e+00    0.646178687046785   0.587128955646996   0.249981630583299    0.0000    0.0000    0.0000
   2.10000000000053e+00    0.334154230966817   0.534239999754497   0.318500700051942    0.0000    0.0000    0.0000
   2.10000000000054e+00    0.804950100957718   0.466877515598043   0.213565042124223    0.0000    0.0000    0.0000
   2.10000000000055e+00    0.174499584702033   0.440616448144681   0.298803768666879    0.0000    0.0000    0.0000
   2.10000000000056e+00    0.746827032378121   0.679078018355924   0.743298318269787    0.0000    0.0000    0.0000
   2.10000000000057e+00    0.233713029917389   0.639982097769227   0.804844605403993    0.0000    0.0000    0.0000
   2.10000000000058e+00    0.552232220637904   0.819580114595674   0.866928950506285    0.0000    0.0000    0.0000
   2.10000000000059e+00    0.390144296073487   0.733610830309075   0.823058068621982    0.0000    0.0000    0.0000
   2.10000000000060e+00    0.746826982378124   0.179077968355926   0.243298318269787    0.0000    0.0000    0.0000
   2.10000000000061e+00    0.233713079917386   0.139982047769230   0.304844605403993    0.0000    0.0000    0.0000
   2.10000000000062e+00    0.439658209337495   0.930433971600777   0.337998950136189    0.0000    0.0000    0.0000
   2.10000000000063e+00    0.929065519654984   0.038236202655440   0.119794674434310    0.0000    0.0000    0.0000
   2.10000000000064e+00    0.079377615810429   0.065223569971422   0.307323021632591    0.0000    0.0000    0.0000
   2.10000000000065e+00    0.687960922357426   0.883690863748043   0.268061217889006    0.0000    0.0000    0.0000
   2.10000000000066e+00    0.284174799720390   0.837775913145393   0.311239236399267    0.0000    0.0000    0.0000
   2.10000000000067e+00    0.867881803967165   0.253986998826804   0.673345417500478    0.0000    0.0000    0.0000
   2.10000000000068e+00    0.134808882806340   0.248208526538782   0.801926735403370    0.0000    0.0000    0.0000
