!
!  specorder:  B   N  
!
     4.300000000
   1.000000000000000   0.000000000000000   0.000000000000000
   0.000000000000000   1.000000000000000   0.000000000000000
   0.000000000000000   0.000000000000000   1.000000000000000
   0.000000000000000   0.000000000000000   0.000000000000000
   0.000000000000000   0.000000000000000   0.000000000000000
   0.000000000000000   0.000000000000000   0.000000000000000
          8
   1.10000000000001e+00    0.000000000000000   0.000000000000000   0.000000000000000    0.0000    0.0000    0.0000
   1.10000000000002e+00    0.500000000000000   0.500000000000000   0.000000000000000    0.0000    0.0000    0.0000
   1.10000000000003e+00    0.500000000000000   0.000000000000000   0.500000000000000    0.0000    0.0000    0.0000
   1.10000000000004e+00    0.000000000000000   0.500000000000000   0.500000000000000    0.0000    0.0000    0.0000
   2.10000000000005e+00    0.250000000000000   0.250000000000000   0.250000000000000    0.0000    0.0000    0.0000
   2.10000000000006e+00    0.750000000000000   0.750000000000000   0.250000000000000    0.0000    0.0000    0.0000
   2.10000000000007e+00    0.750000000000000   0.250000000000000   0.750000000000000    0.0000    0.0000    0.0000
   2.10000000000008e+00    0.250000000000000   0.750000000000000   0.750000000000000    0.0000    0.0000    0.0000
